0 98405
1 4
2 595
4 3
5 5
6 1
7 3
9 3
10 5
11 2
12 7
13 1
14 3
15 6
16 3
17 1
18 1
19 1
20 9
21 6
23 4
24 1
25 1
27 3
28 5
29 2
30 1
31 3
32 8
33 2
34 4
35 10
36 6
37 6
38 1
39 1
40 6
41 5
42 8
43 7
44 4
45 6
46 3
47 3
48 3
49 2
50 1
51 3
52 2
53 1
54 5
55 4
56 2
57 3
58 6
59 9
60 7
61 6
62 3
63 5
64 9
65 4
66 6
67 2
68 4
69 2
70 6
71 12
72 8
73 4
74 5
75 7
76 8
77 7
78 6
79 7
80 5
81 6
82 8
83 5
84 3
85 5
86 6
87 4
88 5
89 3
90 3
91 4
92 5
93 2
94 3
95 5
96 2
97 2
98 1
99 7
100 9
101 5
102 1
103 1
104 1
105 2
106 3
107 2
108 11
109 1
110 1
111 4
112 3
113 3
114 3
115 4
116 2
117 5
118 1
119 5
120 2
121 3
122 6
123 2
124 6
125 3
126 2
127 1
128 3
129 9
130 2
131 1
132 2
133 6
134 3
135 1
136 1
137 2
138 2
139 4
140 6
141 4
142 1
143 6
144 3
145 1
146 1
147 5
148 1
149 5
150 3
151 4
152 2
153 8
154 4
155 3
156 4
157 4
158 2
159 4
160 5
161 1
162 6
163 6
164 3
165 4
166 6
167 2
168 1
169 3
170 1
171 3
172 2
173 2
174 3
175 3
176 1
177 2
178 3
179 2
180 2
181 1
182 1
183 3
184 4
185 5
186 4
187 1
188 2
189 2
190 1
192 1
193 3
194 4
195 1
196 7
197 1
198 2
199 2
201 2
202 2
203 1
204 1
205 4
207 2
208 3
209 2
210 4
211 2
212 2
213 3
214 1
215 3
217 2
218 1
219 3
220 4
221 2
222 1
223 4
224 2
225 1
226 4
227 4
228 1
229 2
230 3
231 8
233 5
234 1
235 2
236 2
237 1
239 5
240 4
241 1
243 4
244 5
245 1
246 1
247 1
249 1
251 1
255 1
256 1
257 2
261 4
262 1
263 1
266 1
268 1
269 1
270 1
271 1
272 3
273 1
274 1
275 1
276 1
277 1
278 1
279 1
280 2
281 2
282 1
283 4
284 1
285 1
286 1
287 3
289 1
290 1
292 1
293 2
295 3
296 3
297 1
298 1
300 3
301 2
303 1
306 1
307 1
308 1
311 1
312 1
315 2
316 3
317 3
318 1
319 1
320 2
321 1
322 4
323 1
324 2
326 3
327 1
329 2
330 5
331 1
332 2
333 2
334 1
336 1
337 2
339 4
340 4
342 2
344 1
345 2
346 3
347 4
348 1
350 1
352 2
353 1
354 1
355 2
357 1
359 1
360 1
362 3
363 2
364 3
365 1
366 2
367 2
368 2
369 1
370 1
371 1
372 2
374 2
378 2
380 2
382 1
383 3
384 1
385 1
386 1
390 1
392 3
394 1
396 1
397 1
400 1
402 1
406 1
1001 1
